name: sense
dependencies:
- anaconda-client=1.6.3=py36_0
- backports=1.0=py36hfa02d7e_1
- backports.weakref=1.0rc1=py36_0
- binstar=0.12=2
- blas=1.0=openblas
- bleach=1.5.0=py36_0
- ca-certificates=2018.03.07=0
- certifi=2016.2.28=py36_0
- clyent=1.2.2=py36_0
- cudatoolkit=8.0=3
- cudnn=6.0.21=cuda8.0_0
- html5lib=0.9999999=py36_0
- libedit=3.1.20170329=h6b74fdf_2
- libffi=3.2.1=h4deb6c0_3
- libgcc=7.2.0=h69d50b8_2
- libgcc-ng=8.2.0=hdf63c60_1
- libgfortran-ng=7.3.0=hdf63c60_0
- libopenblas=0.3.2=h5a2b251_1
- libprotobuf=3.6.0=hdbcaa40_0
- libstdcxx-ng=8.2.0=hdf63c60_1
- markdown=2.6.11=py36_0
- ncurses=6.1=hf484d3e_0
- numpy=1.15.1=py36hec00662_0
- numpy-base=1.15.1=py36h74e8950_0
- openssl=1.0.2l=0
- pip=9.0.1=py36_1
- protobuf=3.6.0=py36hf484d3e_0
- python=3.6.2=0
- python-dateutil=2.6.1=py36_0
- pytz=2017.2=py36_0
- pyyaml=3.12=py36_0
- readline=6.2=2
- requests=2.14.2=py36_0
- setuptools=36.4.0=py36_1
- six=1.10.0=py36_0
- sqlite=3.13.0=0
- tensorflow-gpu=1.3.0=0
- tensorflow-gpu-base=1.3.0=py36cuda8.0cudnn6.0_1
- tensorflow-tensorboard=1.5.1=py36hf484d3e_1
- tk=8.5.18=0
- werkzeug=0.14.1=py36_0
- wheel=0.29.0=py36_0
- xz=5.2.3=0
- yaml=0.1.6=0
- zlib=1.2.11=0

